p\0001.jpg 1 373 37 122 336
p\0002.jpg 1 374 43 119 339
p\0003.jpg 1 357 44 125 342
p\0004.jpg 1 316 43 141 343
p\0005.jpg 1 285 52 119 348
p\0006.jpg 1 254 60 97 340
p\0007.jpg 1 202 65 125 339
p\0008.jpg 1 171 74 135 336
p\0009.jpg 1 154 96 125 338
p\0010.jpg 1 149 104 120 336
p\0011.jpg 1 152 120 127 331
p\0012.jpg 1 158 120 121 332
p\0013.jpg 1 168 123 126 332
p\0014.jpg 1 180 117 136 340
p\0015.jpg 1 223 107 133 348
p\0016.jpg 1 247 97 150 342
p\0017.jpg 1 274 94 140 344
p\0018.jpg 1 289 89 144 352
p\0019.jpg 1 308 88 147 342
p\0020.jpg 1 335 81 151 353
p\0021.jpg 1 349 76 160 358
p\0022.jpg 1 365 77 146 355
p\0023.jpg 1 367 79 150 354
p\0024.jpg 1 375 69 137 359
p\0025.jpg 1 370 68 140 351
p\0026.jpg 1 364 67 147 361
p\0027.jpg 1 364 66 148 360
p\0028.jpg 1 366 71 146 354
p\0029.jpg 1 354 74 161 358
p\0033.jpg 1 333 105 147 357
p\0034.jpg 1 341 91 137 369
p\0035.jpg 1 353 87 146 376
p\0036.jpg 1 384 88 137 374
p\0037.jpg 1 404 86 150 387
p\0038.jpg 1 449 81 170 392
p\0039.jpg 1 449 86 63 387
p\0042.jpg 1 416 98 182 238
p\0043.jpg 1 386 103 183 369
p\0044.jpg 1 376 85 177 377
p\0045.jpg 1 364 85 174 381
p\0046.jpg 1 347 118 185 358
p\0047.jpg 1 343 120 169 359
p\0048.jpg 1 323 113 194 366
p\0049.jpg 1 334 125 171 351
p\0052.jpg 1 380 94 207 384
p\0053.jpg 1 437 104 172 369
p\0054.jpg 1 429 102 184 375
p\0055.jpg 1 424 89 185 382
p\0058.jpg 1 384 33 201 374
p\0059.jpg 1 347 31 196 364
p\0060.jpg 1 326 34 192 364
p\0061.jpg 1 317 44 200 365
p\0062.jpg 1 324 46 199 368
p\0063.jpg 1 297 68 197 346
p\0064.jpg 1 267 70 203 354
p\0065.jpg 1 270 65 202 357
p\0066.jpg 1 287 77 180 326
p\0067.jpg 1 254 79 178 329
p\0068.jpg 1 208 54 200 363
p\0069.jpg 1 193 53 171 345
p\0093.jpg 1 265 101 124 306
p\0094.jpg 1 236 101 129 299
p\0095.jpg 1 206 104 128 314
p\0100.jpg 1 225 135 153 310
p\0101.jpg 1 266 122 137 300
p\0102.jpg 1 282 105 138 322
p\0104.jpg 1 278 60 162 307
p\0105.jpg 1 251 43 172 306
p\0106.jpg 1 214 31 171 308
