p\0001.jpg 1 235 90 71 169
p\0002.jpg 1 233 89 72 173
p\0003.jpg 1 229 91 78 174
p\0007.jpg 1 221 85 86 179
p\0011.jpg 1 218 76 84 194
p\0014.jpg 1 217 71 84 197
p\0017.jpg 1 208 64 92 209
p\0021.jpg 1 207 57 90 215
p\0025.jpg 1 197 56 98 223
p\0028.jpg 1 192 49 97 230
p\0031.jpg 1 188 43 102 246
p\0035.jpg 1 183 37 111 256
p\0038.jpg 1 176 29 109 268
p\0041.jpg 1 171 24 117 279
p\0045.jpg 1 163 15 114 293
p\0048.jpg 1 156 12 125 302
p\0049.jpg 1 156 14 131 297
p\0050.jpg 1 157 12 126 300
p\0054.jpg 1 148 12 137 306
p\0057.jpg 1 146 10 132 312
p\0061.jpg 1 153 12 133 308
p\0064.jpg 1 146 19 142 306
p\0067.jpg 1 163 40 155 279
p\0068.jpg 1 188 45 150 260
p\0069.jpg 1 179 37 162 267
p\0070.jpg 1 193 10 195 295
p\0071.jpg 1 205 1 211 307
p\0072.jpg 1 204 1 218 303
p\0073.jpg 1 213 1 223 297
p\0074.jpg 1 224 2 221 280
p\0075.jpg 1 233 2 208 267
p\0076.jpg 1 251 1 201 273
p\0077.jpg 1 285 2 157 262
p\0078.jpg 1 291 2 158 277
p\0079.jpg 1 301 4 150 289
p\0080.jpg 1 299 12 165 291
p\0081.jpg 1 309 21 155 290
p\0082.jpg 1 315 48 158 270
p\0083.jpg 1 323 56 160 258
p\0084.jpg 1 318 64 163 256
p\0085.jpg 1 322 64 158 256
p\0086.jpg 1 324 59 159 256
p\0087.jpg 1 325 59 169 253
p\0088.jpg 1 325 53 163 260
p\0089.jpg 1 329 53 160 259
p\0093.jpg 1 342 46 138 265
p\0096.jpg 1 341 47 148 254
p\0099.jpg 1 341 48 147 253
p\0101.jpg 1 343 43 139 256
p\0103.jpg 1 340 45 137 251
p\0106.jpg 1 338 51 132 243
p\0110.jpg 1 329 50 144 239
p\0113.jpg 1 330 54 145 240
p\0114.jpg 1 324 55 157 236
p\0117.jpg 1 331 61 140 224
