p\0001.jpg 1 321 149 54 81
p\0004.jpg 1 326 158 48 73
p\0006.jpg 1 318 158 53 70
p\0008.jpg 1 315 160 58 69
p\0010.jpg 1 321 161 54 72
p\0012.jpg 1 319 162 50 65
p\0013.jpg 1 316 159 53 66
p\0014.jpg 1 312 160 52 69
p\0015.jpg 1 315 166 51 65
p\0016.jpg 1 317 167 45 64
p\0019.jpg 1 318 158 47 76
p\0022.jpg 1 318 160 48 68
p\0025.jpg 1 321 165 47 65
p\0027.jpg 1 319 159 46 69
p\0028.jpg 1 318 158 53 65
p\0029.jpg 1 321 155 45 63
p\0030.jpg 1 316 155 55 67
p\0031.jpg 1 318 155 50 68
p\0032.jpg 1 319 153 59 73
p\0033.jpg 1 323 156 46 65
p\0034.jpg 1 320 157 47 59
p\0035.jpg 1 318 145 53 77
p\0036.jpg 1 317 153 51 70
p\0037.jpg 1 319 158 51 66
p\0038.jpg 1 321 153 50 71
p\0039.jpg 1 320 153 50 71
p\0040.jpg 1 320 151 49 69
p\0041.jpg 1 317 150 56 73
p\0042.jpg 1 320 154 56 72
p\0043.jpg 1 319 150 54 77
p\0044.jpg 1 318 151 54 74
p\0045.jpg 1 318 149 54 78
p\0046.jpg 1 315 149 56 76
p\0047.jpg 1 317 151 52 75
p\0048.jpg 1 316 151 52 78
p\0049.jpg 1 318 149 50 80
p\0050.jpg 1 318 149 49 76
p\0051.jpg 1 319 150 49 76
p\0052.jpg 1 319 150 53 78
p\0053.jpg 1 318 151 55 78
p\0054.jpg 1 317 148 56 83
p\0055.jpg 1 319 149 54 77
p\0056.jpg 1 319 149 56 78
p\0057.jpg 1 318 149 57 80
p\0058.jpg 1 320 151 57 84
p\0059.jpg 1 320 149 56 84
p\0060.jpg 1 320 148 57 80
p\0061.jpg 1 318 144 59 83
p\0062.jpg 1 315 144 59 82
p\0063.jpg 1 313 148 62 83
p\0064.jpg 1 311 146 60 87
p\0065.jpg 1 309 145 60 83
p\0066.jpg 1 306 141 61 80
p\0067.jpg 1 308 144 57 80
p\0068.jpg 1 305 144 56 83
p\0069.jpg 1 299 144 60 90
p\0070.jpg 1 301 141 57 90
p\0071.jpg 1 304 138 51 88
p\0072.jpg 1 304 138 51 88
p\0073.jpg 1 307 141 51 91
p\0074.jpg 1 306 144 54 85
p\0075.jpg 1 306 142 56 84
p\0105.jpg 1 323 139 62 91
p\0106.jpg 1 323 139 59 91
p\0107.jpg 1 320 139 62 96
p\0108.jpg 1 316 140 69 94
p\0109.jpg 1 324 134 64 94
p\0110.jpg 1 323 146 64 89
p\0111.jpg 1 326 150 64 93
p\0115.jpg 1 335 138 65 97
p\0121.jpg 1 336 145 75 96
p\0127.jpg 1 343 146 75 98
p\0168.jpg 1 408 153 67 103
p\0169.jpg 1 420 151 81 111
p\0170.jpg 1 414 154 79 105
p\0171.jpg 1 418 149 78 107
p\0172.jpg 1 417 160 77 94
p\0173.jpg 1 427 157 79 97
p\0174.jpg 1 431 153 74 102
p\0175.jpg 1 437 150 73 108
p\0176.jpg 1 436 153 77 105
p\0236.jpg 1 450 133 60 85
p\0240.jpg 1 477 130 71 81
p\0241.jpg 1 485 131 63 77
p\0242.jpg 1 488 126 66 84
p\0243.jpg 1 497 126 61 84
p\0244.jpg 1 502 125 63 84
p\0253.jpg 1 520 115 51 77
p\0254.jpg 1 518 113 62 84
p\0255.jpg 1 513 114 59 84
p\0256.jpg 1 511 116 64 86
p\0260.jpg 1 508 116 58 81
p\0263.jpg 1 500 110 60 80
p\0266.jpg 1 491 105 65 77
p\0270.jpg 1 482 101 66 86
p\0276.jpg 1 472 85 63 87
p\0284.jpg 1 476 78 55 77
p\0285.jpg 1 477 78 52 81
p\0286.jpg 1 479 81 51 81
p\0287.jpg 1 477 80 59 79
