p\0001.jpg 1 263 307 36 75
p\0003.jpg 1 260 304 40 73
p\0006.jpg 1 268 294 33 69
p\0010.jpg 1 271 289 33 73
p\0015.jpg 1 261 289 38 71
p\0019.jpg 1 255 285 36 71
p\0023.jpg 1 250 282 33 72
p\0025.jpg 1 247 280 35 71
p\0029.jpg 1 244 278 37 71
p\0036.jpg 1 234 277 35 67
p\0038.jpg 1 231 276 34 70
p\0041.jpg 1 226 275 35 70
p\0066.jpg 1 231 271 26 69
p\0075.jpg 1 231 267 27 73
p\0078.jpg 1 225 268 32 71
p\0079.jpg 1 223 266 35 71
p\0081.jpg 1 219 269 35 70
p\0094.jpg 1 222 276 34 73
p\0095.jpg 1 221 276 37 72
p\0098.jpg 1 226 279 39 75
p\0099.jpg 1 227 279 41 71
p\0103.jpg 1 236 283 37 72
p\0108.jpg 1 241 283 38 71
p\0119.jpg 1 246 287 42 68
p\0123.jpg 1 248 285 37 70
p\0127.jpg 1 248 288 37 62
p\0134.jpg 1 248 287 38 69
p\0136.jpg 1 250 288 40 69
p\0139.jpg 1 255 289 32 70
p\0141.jpg 1 256 290 36 69
p\0143.jpg 1 250 291 42 72
p\0146.jpg 1 249 289 42 69
p\0149.jpg 1 247 288 42 73
p\0152.jpg 1 243 290 45 74
p\0155.jpg 1 250 291 36 67
p\0163.jpg 1 249 289 42 72
p\0167.jpg 1 253 290 43 72
p\0170.jpg 1 259 290 40 69
p\0174.jpg 1 260 289 42 68
p\0177.jpg 1 261 293 38 71
p\0180.jpg 1 263 295 39 71
p\0183.jpg 1 259 295 44 72
p\0189.jpg 1 261 303 44 71
p\0192.jpg 1 261 301 51 67
p\0196.jpg 1 262 298 47 73
p\0201.jpg 1 259 302 46 72
p\0204.jpg 1 257 304 48 71
p\0207.jpg 1 258 300 48 74
p\0211.jpg 1 260 301 52 79
p\0215.jpg 1 258 305 52 75
p\0218.jpg 1 266 303 43 79
p\0223.jpg 1 267 308 44 71
p\0229.jpg 1 266 303 49 74
p\0233.jpg 1 263 303 46 75
p\0237.jpg 1 259 300 47 71
p\0241.jpg 1 261 298 46 74
p\0246.jpg 1 258 285 45 71
p\0250.jpg 1 253 285 49 72
p\0255.jpg 1 239 285 46 74
p\0260.jpg 1 236 279 46 72
p\0266.jpg 1 232 284 50 73
p\0273.jpg 1 226 285 52 75
p\0277.jpg 1 229 291 45 68
p\0280.jpg 1 225 292 46 69
p\0284.jpg 1 221 285 50 72
p\0287.jpg 1 219 283 56 76
p\0291.jpg 1 219 273 57 76
p\0295.jpg 1 222 273 51 67
p\0303.jpg 1 238 271 48 68
p\0307.jpg 1 244 273 51 75
p\0313.jpg 1 270 271 55 77
p\0319.jpg 1 273 274 53 73
p\0323.jpg 1 278 270 53 77
p\0327.jpg 1 278 272 52 74
p\0334.jpg 1 269 269 59 75
p\0338.jpg 1 267 278 53 75
p\0344.jpg 1 269 293 53 74
p\0348.jpg 1 257 279 56 72
p\0353.jpg 1 249 289 46 68
p\0357.jpg 1 240 294 55 72
p\0362.jpg 1 241 298 57 74
p\0365.jpg 1 241 294 52 71
p\0370.jpg 1 222 290 53 76
p\0378.jpg 1 204 312 50 76
p\0383.jpg 1 190 318 55 72
p\0389.jpg 1 179 329 52 70
p\0390.jpg 1 176 333 51 66
p\0394.jpg 1 171 334 53 77
p\0397.jpg 1 167 344 50 67
p\0401.jpg 1 156 348 54 68
p\0404.jpg 1 158 352 51 63
p\0408.jpg 1 163 349 51 69
p\0411.jpg 1 167 344 53 72
p\0415.jpg 1 176 339 50 67
p\0418.jpg 1 183 331 63 71
p\0421.jpg 1 198 325 53 72
p\0423.jpg 1 204 329 44 68
p\0429.jpg 1 206 327 49 74
p\0434.jpg 1 208 323 47 72
p\0438.jpg 1 204 322 47 72
p\0442.jpg 1 201 324 47 67
p\0457.jpg 1 203 328 44 67
p\0462.jpg 1 201 325 44 64
p\0469.jpg 1 208 321 48 65
p\0472.jpg 1 207 323 48 68
p\0477.jpg 1 204 325 50 62
p\0482.jpg 1 207 317 50 73
p\0485.jpg 1 203 322 46 64
p\0490.jpg 1 203 319 58 75
p\0495.jpg 1 214 314 58 75
p\0497.jpg 1 217 317 45 75
p\0500.jpg 1 220 316 42 67
p\0502.jpg 1 220 325 39 63
p\0505.jpg 1 221 326 43 67
p\0507.jpg 1 223 324 44 80
p\0510.jpg 1 218 330 43 71
p\0516.jpg 1 211 324 50 72
p\0522.jpg 1 215 324 46 68
p\0525.jpg 1 209 331 45 68
p\0528.jpg 1 206 325 50 68
p\0532.jpg 1 199 330 51 70
p\0537.jpg 1 212 331 36 64
p\0540.jpg 1 212 323 34 66
p\0541.jpg 1 212 322 33 70
p\0544.jpg 1 207 322 34 65
p\0548.jpg 1 201 321 39 69
p\0551.jpg 1 196 325 39 64
p\0554.jpg 1 194 324 41 66
p\0557.jpg 1 193 327 41 66
p\0562.jpg 1 195 326 42 68
p\0565.jpg 1 193 333 36 61
p\0568.jpg 1 192 334 38 63
p\0571.jpg 1 187 334 37 65
p\0575.jpg 1 190 327 41 68
p\0578.jpg 1 191 330 36 61
p\0583.jpg 1 188 328 40 64
p\0588.jpg 1 189 321 40 68
p\0591.jpg 1 179 323 42 68
p\0594.jpg 1 179 328 38 65
p\0597.jpg 1 177 326 38 68
p\0600.jpg 1 177 325 37 64
p\0603.jpg 1 174 326 40 67
p\0608.jpg 1 173 325 39 66
p\0612.jpg 1 171 330 39 66
p\0617.jpg 1 164 330 40 67
p\0621.jpg 1 173 333 36 68
p\0628.jpg 1 190 330 40 69
p\0632.jpg 1 183 325 38 68
p\0637.jpg 1 183 313 33 66
p\0642.jpg 1 167 317 37 66
p\0645.jpg 1 166 321 34 62
p\0649.jpg 1 164 319 38 71
p\0654.jpg 1 166 325 41 69
p\0659.jpg 1 165 331 42 66
p\0662.jpg 1 166 328 40 63
p\0666.jpg 1 171 323 35 59
p\0670.jpg 1 173 317 33 57
p\0674.jpg 1 173 324 35 57
p\0677.jpg 1 180 335 32 51
p\0682.jpg 1 172 337 29 53
p\0687.jpg 1 170 332 34 48
p\0693.jpg 1 176 332 28 54
p\0696.jpg 1 172 327 30 60
p\0700.jpg 1 171 324 29 61
p\0704.jpg 1 168 320 33 64
p\0708.jpg 1 173 325 34 64
p\0710.jpg 1 169 326 38 71
p\0714.jpg 1 165 322 40 77
p\0718.jpg 1 152 307 41 82
p\0725.jpg 1 147 301 47 89
p\0727.jpg 1 154 304 51 92
p\0731.jpg 1 178 293 48 93
p\0734.jpg 1 183 267 58 107
p\0737.jpg 1 158 271 56 102
p\0741.jpg 1 129 282 58 114
p\0746.jpg 1 137 284 58 122
p\0747.jpg 1 130 285 63 124
p\0752.jpg 1 132 286 61 114
p\0755.jpg 1 132 289 58 111
p\0760.jpg 1 126 289 64 120
p\0761.jpg 1 130 296 59 110
p\0762.jpg 1 131 294 58 117
p\0765.jpg 1 134 290 63 127
p\0771.jpg 1 149 301 56 118
p\0775.jpg 1 147 314 54 117
p\0781.jpg 1 135 295 63 114
p\0786.jpg 1 130 277 62 113
p\0790.jpg 1 141 268 63 115
p\0794.jpg 1 130 265 65 113
p\0797.jpg 1 133 272 63 113
p\0801.jpg 1 128 270 60 114
p\0805.jpg 1 118 279 63 114
p\0809.jpg 1 119 284 59 108
p\0812.jpg 1 116 294 64 107
p\0815.jpg 1 113 298 67 109
p\0818.jpg 1 114 298 64 111
p\0825.jpg 1 111 300 66 111
p\0830.jpg 1 117 296 59 114
p\0835.jpg 1 115 291 63 120
p\0840.jpg 1 119 288 64 114
p\0846.jpg 1 124 294 61 115
p\0852.jpg 1 143 295 49 116
p\0858.jpg 1 134 289 59 109
p\0863.jpg 1 130 311 56 109
p\0869.jpg 1 120 309 64 111
p\0875.jpg 1 125 313 65 110
p\0880.jpg 1 140 335 61 112
p\0885.jpg 1 117 353 68 108
p\0890.jpg 1 102 367 65 108
p\0895.jpg 1 107 373 64 104
p\0901.jpg 1 123 361 69 111
p\0907.jpg 1 115 355 77 132
p\0913.jpg 1 114 354 75 130
p\0918.jpg 1 128 356 69 122
p\0923.jpg 1 147 345 73 123
p\0928.jpg 1 165 378 67 122
p\0931.jpg 1 186 371 66 117
p\0938.jpg 1 229 361 67 124
p\0940.jpg 1 241 353 66 120
p\0947.jpg 1 214 345 81 122
p\0953.jpg 1 193 341 67 125
p\0958.jpg 1 190 345 68 121
p\0963.jpg 1 195 347 76 115
p\0966.jpg 1 199 343 72 123
p\0972.jpg 1 195 342 73 121
p\0979.jpg 1 217 338 66 109
p\0983.jpg 1 220 338 65 110
p\0988.jpg 1 207 339 73 108
p\0995.jpg 1 205 338 67 108
p\1000.jpg 1 203 335 67 107
p\1006.jpg 1 191 334 79 121
p\1013.jpg 1 205 332 69 116
p\1020.jpg 1 209 323 68 123
p\1025.jpg 1 201 323 72 119
p\1031.jpg 1 203 319 69 115
p\1036.jpg 1 213 307 68 127
p\1041.jpg 1 202 301 69 125
p\1046.jpg 1 180 309 73 120
p\1054.jpg 1 166 327 74 119
p\1062.jpg 1 184 307 64 118
p\1069.jpg 1 180 292 74 129
p\1076.jpg 1 181 285 63 127
p\1081.jpg 1 181 285 70 128
p\1086.jpg 1 178 287 70 131
p\1092.jpg 1 164 299 80 118
p\1097.jpg 1 154 297 83 123
p\1102.jpg 1 165 290 69 126
p\1110.jpg 1 158 297 72 115
p\1116.jpg 1 162 292 76 117
p\1122.jpg 1 162 289 69 116
p\1127.jpg 1 154 302 63 110
p\1135.jpg 1 163 292 69 114
p\1139.jpg 1 181 303 63 104
p\1143.jpg 1 188 307 81 123
p\1147.jpg 1 193 320 73 112
p\1151.jpg 1 206 319 59 115
p\1155.jpg 1 211 326 62 113
p\1159.jpg 1 210 333 65 110
p\1163.jpg 1 215 330 67 111
p\1170.jpg 1 212 334 71 110
p\1173.jpg 1 212 339 62 103
p\1177.jpg 1 211 340 73 115
p\1180.jpg 1 215 333 75 113
p\1184.jpg 1 225 343 70 115
p\1189.jpg 1 240 347 74 109
p\1192.jpg 1 250 346 73 109
p\1195.jpg 1 259 345 72 114
p\1201.jpg 1 303 352 66 106
p\1208.jpg 1 321 351 71 113
p\1211.jpg 1 328 360 64 103
p\1215.jpg 1 332 352 62 97
p\1219.jpg 1 335 342 62 107
p\1223.jpg 1 318 340 69 109
p\1229.jpg 1 305 322 78 103
p\1232.jpg 1 308 320 68 99
p\1235.jpg 1 301 312 67 102
p\1238.jpg 1 287 303 73 116
p\1241.jpg 1 282 302 63 95
p\1245.jpg 1 278 294 76 112
p\1249.jpg 1 293 295 68 121
p\1252.jpg 1 300 300 78 112
p\1258.jpg 1 302 309 80 121
p\1261.jpg 1 300 312 72 112
p\1265.jpg 1 281 312 83 117
p\1269.jpg 1 283 323 81 117
p\1272.jpg 1 294 330 73 109
p\1275.jpg 1 292 337 76 110
p\1280.jpg 1 308 341 68 112
p\1284.jpg 1 320 340 74 111
p\1288.jpg 1 323 341 81 122
p\1291.jpg 1 313 337 78 115
p\1295.jpg 1 289 333 90 121
p\1298.jpg 1 277 339 86 114
p\1302.jpg 1 281 341 80 117
p\1305.jpg 1 288 336 81 116
p\1308.jpg 1 298 331 76 113
p\1314.jpg 1 300 338 74 114
p\1317.jpg 1 288 343 74 113
p\1319.jpg 1 267 345 82 113
p\1323.jpg 1 254 339 70 110
p\1328.jpg 1 231 342 63 114
p\1332.jpg 1 227 346 55 110
p\1337.jpg 1 217 350 65 103
p\1341.jpg 1 199 357 69 113
p\1347.jpg 1 186 371 65 109
p\1353.jpg 1 188 364 67 119
p\1357.jpg 1 200 370 68 120
p\1362.jpg 1 224 363 71 117
p\1366.jpg 1 244 366 65 113
p\1372.jpg 1 251 361 74 112
p\1376.jpg 1 249 365 72 113
p\1381.jpg 1 240 367 75 108
p\1388.jpg 1 226 363 77 115
p\1394.jpg 1 226 348 82 113
p\1398.jpg 1 224 330 85 126
p\1406.jpg 1 209 324 82 124
p\1410.jpg 1 214 328 83 121
p\1414.jpg 1 224 321 77 116
p\1419.jpg 1 241 315 78 122
p\1426.jpg 1 268 322 88 114
p\1429.jpg 1 283 318 77 117
p\1433.jpg 1 274 320 78 119
p\1436.jpg 1 267 320 82 119
p\1441.jpg 1 266 317 84 121
p\1445.jpg 1 255 314 90 121
p\1449.jpg 1 262 315 75 126
p\1454.jpg 1 266 318 80 121
p\1459.jpg 1 266 329 96 116
p\1463.jpg 1 272 328 95 131
p\1467.jpg 1 269 331 89 130
p\1473.jpg 1 256 348 83 121
p\1477.jpg 1 242 350 87 132
p\1485.jpg 1 249 342 88 128
p\1491.jpg 1 261 345 81 121
p\1495.jpg 1 262 342 81 126
p\1500.jpg 1 247 344 84 123
p\1504.jpg 1 235 344 75 137
p\1511.jpg 1 258 335 94 139
p\1516.jpg 1 269 348 76 125
p\1522.jpg 1 258 348 78 127
p\1527.jpg 1 239 341 81 134
p\1533.jpg 1 212 345 90 127
p\1537.jpg 1 195 356 89 120
p\1541.jpg 1 180 357 88 117
p\1545.jpg 1 171 354 82 120
p\1550.jpg 1 136 350 95 121
p\1556.jpg 1 127 337 92 125
p\1564.jpg 1 113 345 76 121
p\1571.jpg 1 89 346 88 124
p\1579.jpg 1 84 343 80 120
p\1586.jpg 1 98 339 85 119
p\1591.jpg 1 101 340 88 124
p\1597.jpg 1 100 340 85 125
p\1603.jpg 1 86 326 74 128
p\1609.jpg 1 62 324 73 131
p\1614.jpg 1 60 321 78 121
p\1623.jpg 1 70 324 78 121
p\1630.jpg 1 64 305 80 126
p\1635.jpg 1 56 299 71 124
p\1641.jpg 1 49 296 71 122
p\1647.jpg 1 33 299 86 133
p\1652.jpg 1 41 293 72 119
p\1657.jpg 1 36 284 80 119
p\1664.jpg 1 43 277 77 115
p\1669.jpg 1 36 283 77 113
p\1675.jpg 1 24 288 68 111
p\1680.jpg 1 25 285 70 110
p\1690.jpg 1 25 261 76 116
p\1695.jpg 1 27 252 76 119
