p\0001.jpg 1 73 122 39 33
p\0002.jpg 2 0 0 0 0 65 122 47 34
p\0003.jpg 1 67 120 43 37
p\0004.jpg 1 69 121 44 33
p\0005.jpg 1 69 120 46 35
p\0006.jpg 1 72 117 38 36
p\0007.jpg 1 71 116 43 40
p\0008.jpg 1 72 117 39 39
p\0009.jpg 1 75 118 37 34
p\0010.jpg 1 76 117 36 36
p\0011.jpg 1 74 120 42 35
p\0012.jpg 1 72 111 48 44
p\0013.jpg 1 76 109 49 45
p\0014.jpg 1 73 110 52 44
p\0015.jpg 1 77 119 42 32
p\0016.jpg 1 77 115 41 36
p\0017.jpg 1 77 118 40 32
p\0018.jpg 1 78 118 42 30
p\0019.jpg 1 76 117 43 33
p\0020.jpg 1 77 117 45 34
p\0021.jpg 1 79 119 40 29
p\0022.jpg 1 77 116 44 33
p\0023.jpg 1 79 117 44 32
p\0024.jpg 1 83 119 35 26
p\0025.jpg 0
p\0026.jpg 1 83 124 38 23
p\0027.jpg 1 80 118 43 30
p\0028.jpg 1 81 120 43 31
p\0029.jpg 1 82 117 45 33
p\0030.jpg 1 81 120 45 28
p\0031.jpg 1 84 119 38 28
p\0032.jpg 1 84 121 40 27
p\0033.jpg 1 83 117 44 33
p\0034.jpg 1 87 123 39 25
p\0035.jpg 1 84 120 40 30
p\0036.jpg 1 83 120 45 32
p\0037.jpg 1 84 118 41 34
p\0038.jpg 1 86 119 39 33
p\0039.jpg 1 86 120 39 31
p\0040.jpg 1 86 116 42 35
p\0041.jpg 1 85 119 41 36
p\0042.jpg 0
p\0043.jpg 0
p\0044.jpg 0
p\0045.jpg 1 91 118 40 33
p\0046.jpg 0
p\0047.jpg 0
p\0048.jpg 1 87 123 49 31
p\0049.jpg 0
p\0050.jpg 0
p\0051.jpg 0
p\0052.jpg 1 89 121 39 29
p\0053.jpg 0
p\0054.jpg 0
p\0055.jpg 0
p\0056.jpg 1 90 120 44 37
p\0057.jpg 1 89 120 41 34
p\0058.jpg 1 90 122 46 33
p\0059.jpg 0
p\0060.jpg 0
p\0061.jpg 1 93 119 40 38
p\0062.jpg 0
p\0063.jpg 0
p\0064.jpg 1 95 120 38 33
p\0065.jpg 1 94 119 44 32
p\0066.jpg 0
p\0067.jpg 1 92 120 41 32
p\0068.jpg 0
p\0069.jpg 0
p\0070.jpg 1 91 118 48 35
p\0071.jpg 0
p\0072.jpg 0
p\0073.jpg 1 93 117 41 36
p\0074.jpg 0
p\0075.jpg 1 95 118 42 35
p\0076.jpg 0
p\0077.jpg 1 94 121 41 32
p\0078.jpg 0
p\0079.jpg 0
p\0080.jpg 1 92 120 44 33
p\0081.jpg 0
p\0082.jpg 0
p\0083.jpg 1 98 121 39 31
p\0084.jpg 0
p\0085.jpg 0
p\0086.jpg 0
p\0087.jpg 1 92 119 47 34
p\0088.jpg 0
p\0089.jpg 0
p\0090.jpg 1 95 118 45 37
p\0091.jpg 0
p\0092.jpg 0
p\0093.jpg 1 93 116 47 38
p\0094.jpg 1 98 117 41 37
p\0095.jpg 1 95 119 45 36
p\0096.jpg 0
p\0097.jpg 0
p\0098.jpg 0
p\0099.jpg 0
p\0100.jpg 0
p\0101.jpg 0
p\0102.jpg 0
p\0103.jpg 0
p\0104.jpg 1 95 116 48 37
p\0105.jpg 0
p\0106.jpg 1 99 117 41 35
p\0107.jpg 0
p\0108.jpg 0
p\0109.jpg 1 97 122 43 30
p\0110.jpg 0
p\0111.jpg 0
p\0112.jpg 0
p\0113.jpg 0
p\0114.jpg 0
p\0115.jpg 0
p\0116.jpg 0
p\0117.jpg 1 96 117 47 35
p\0118.jpg 0
p\0119.jpg 0
p\0120.jpg 0
p\0121.jpg 0
p\0122.jpg 0
p\0123.jpg 1 94 119 45 31
p\0124.jpg 0
p\0125.jpg 0
p\0126.jpg 0
p\0127.jpg 0
p\0128.jpg 1 99 121 44 28
p\0129.jpg 0
p\0130.jpg 0
p\0131.jpg 0
p\0132.jpg 1 95 120 48 36
p\0133.jpg 0
p\0134.jpg 0
p\0135.jpg 0
p\0136.jpg 0
p\0137.jpg 0
p\0138.jpg 0
p\0139.jpg 0
p\0140.jpg 0
p\0141.jpg 0
p\0142.jpg 0
p\0143.jpg 0
p\0144.jpg 1 100 117 43 37
p\0145.jpg 0
p\0146.jpg 0
p\0147.jpg 0
p\0148.jpg 0
p\0149.jpg 0
p\0150.jpg 0
p\0151.jpg 0
p\0152.jpg 1 100 113 45 38
p\0153.jpg 0
p\0154.jpg 0
p\0155.jpg 0
p\0156.jpg 0
p\0157.jpg 0
p\0158.jpg 1 96 116 44 33
p\0159.jpg 0
p\0160.jpg 0
p\0161.jpg 0
p\0162.jpg 1 100 116 40 32
p\0163.jpg 0
p\0164.jpg 0
p\0165.jpg 0
p\0166.jpg 0
p\0167.jpg 1 98 117 43 30
p\0168.jpg 0
p\0169.jpg 0
p\0170.jpg 0
p\0171.jpg 1 100 119 44 33
p\0172.jpg 0
p\0173.jpg 0
p\0174.jpg 0
p\0175.jpg 1 98 119 45 32
p\0176.jpg 0
p\0177.jpg 0
p\0178.jpg 0
p\0179.jpg 1 100 119 44 31
p\0180.jpg 0
p\0181.jpg 0
p\0182.jpg 0
p\0183.jpg 0
p\0184.jpg 1 100 117 43 33
p\0185.jpg 0
p\0186.jpg 0
p\0187.jpg 0
p\0188.jpg 0
p\0189.jpg 0
p\0190.jpg 0
p\0191.jpg 1 98 119 48 38
p\0192.jpg 0
p\0193.jpg 0
p\0194.jpg 0
p\0195.jpg 0
p\0196.jpg 0
p\0197.jpg 1 100 117 46 32
p\0198.jpg 0
p\0199.jpg 0
p\0200.jpg 0
p\0201.jpg 0
p\0202.jpg 0
p\0203.jpg 1 100 120 44 29
p\0204.jpg 0
p\0205.jpg 0
p\0206.jpg 0
p\0207.jpg 0
p\0208.jpg 0
p\0209.jpg 0
p\0210.jpg 0
p\0211.jpg 1 105 116 45 35
p\0212.jpg 0
p\0213.jpg 0
p\0214.jpg 0
p\0215.jpg 0
p\0216.jpg 1 106 119 44 30
p\0217.jpg 0
p\0218.jpg 0
p\0219.jpg 0
p\0220.jpg 0
p\0221.jpg 0
p\0222.jpg 1 105 119 49 33
p\0223.jpg 0
p\0224.jpg 0
p\0225.jpg 0
p\0226.jpg 1 105 120 48 32
p\0227.jpg 0
p\0228.jpg 0
p\0229.jpg 0
p\0230.jpg 0
p\0231.jpg 1 104 117 54 38
p\0232.jpg 0
p\0233.jpg 0
p\0234.jpg 0
p\0235.jpg 1 110 115 46 35
p\0236.jpg 0
p\0237.jpg 0
p\0238.jpg 0
p\0239.jpg 1 115 116 43 33
p\0240.jpg 1 113 120 41 30
p\0241.jpg 0
p\0242.jpg 0
p\0243.jpg 1 115 115 44 41
p\0244.jpg 0
p\0245.jpg 0
p\0246.jpg 1 113 118 46 33
p\0247.jpg 0
p\0248.jpg 0
p\0249.jpg 1 118 118 42 31
p\0250.jpg 0
p\0251.jpg 1 112 118 47 34
p\0252.jpg 0
p\0253.jpg 0
p\0254.jpg 1 115 116 52 36
p\0255.jpg 0
p\0256.jpg 0
p\0257.jpg 0
p\0258.jpg 1 118 117 49 34
p\0259.jpg 0
p\0260.jpg 0
p\0261.jpg 0
p\0262.jpg 0
p\0263.jpg 1 122 116 45 33
p\0264.jpg 0
p\0265.jpg 0
p\0266.jpg 0
p\0267.jpg 1 125 116 46 33
p\0268.jpg 0
p\0269.jpg 0
p\0270.jpg 0
p\0271.jpg 0
p\0272.jpg 0
