p\0001.jpg 1 384 32 179 121
p\0002.jpg 1 384 65 180 98
p\0003.jpg 1 369 81 175 121
p\0004.jpg 1 363 90 158 112
p\0005.jpg 1 375 93 126 136
p\0006.jpg 1 368 88 125 148
p\0007.jpg 1 378 83 116 143
p\0008.jpg 1 366 92 117 132
p\0009.jpg 1 369 89 111 130
p\0010.jpg 1 365 100 114 111
p\0011.jpg 1 363 89 114 118
p\0012.jpg 1 359 85 117 124
p\0013.jpg 1 352 71 136 116
p\0014.jpg 1 354 72 132 96
p\0015.jpg 1 331 69 152 99
p\0016.jpg 1 344 64 118 119
p\0017.jpg 1 350 60 105 131
p\0018.jpg 1 350 73 105 117
p\0019.jpg 1 345 73 122 127
p\0020.jpg 1 344 76 117 125
p\0021.jpg 1 336 82 133 116
p\0022.jpg 1 336 98 143 111
p\0023.jpg 1 329 123 151 104
p\0024.jpg 1 339 134 123 102
p\0025.jpg 1 339 141 112 95
p\0026.jpg 1 339 141 112 95
p\0027.jpg 1 339 141 112 95
p\0028.jpg 1 339 141 112 95
p\0029.jpg 1 339 141 112 95
p\0030.jpg 1 325 102 147 103
p\0031.jpg 1 329 101 130 89
p\0032.jpg 1 322 87 142 101
p\0033.jpg 1 328 83 130 100
p\0034.jpg 1 343 86 97 100
p\0035.jpg 1 334 82 99 106
p\0036.jpg 1 339 84 105 111
p\0037.jpg 1 332 96 120 94
p\0038.jpg 1 328 98 132 91
p\0039.jpg 1 326 126 131 83
p\0040.jpg 1 326 134 126 97
p\0041.jpg 1 330 139 116 95
p\0042.jpg 1 336 138 100 103
p\0043.jpg 1 335 133 109 100
p\0044.jpg 1 341 134 96 91
p\0045.jpg 1 341 129 97 96
p\0046.jpg 1 326 129 112 87
p\0047.jpg 1 327 110 122 91
p\0048.jpg 1 305 103 152 92
p\0049.jpg 1 322 92 125 100
p\0050.jpg 1 339 90 103 108
p\0051.jpg 1 337 90 99 106
p\0052.jpg 1 338 95 97 103
p\0053.jpg 1 325 89 120 113
p\0054.jpg 1 327 117 132 96
p\0055.jpg 1 332 145 121 74
p\0056.jpg 1 330 150 110 102
p\0057.jpg 1 341 155 97 99
p\0058.jpg 1 341 150 96 104
p\0059.jpg 1 341 150 96 93
p\0060.jpg 1 341 148 96 100
p\0061.jpg 1 340 147 97 91
p\0062.jpg 1 337 136 108 86
p\0063.jpg 1 319 125 138 92
p\0064.jpg 1 334 116 126 89
p\0065.jpg 1 327 112 124 100
p\0066.jpg 1 328 116 118 96
p\0067.jpg 1 327 112 122 96
p\0068.jpg 1 328 118 126 97
p\0069.jpg 1 326 122 124 96
p\0070.jpg 1 334 135 124 88
p\0071.jpg 1 324 154 138 89
p\0072.jpg 1 337 166 123 85
p\0073.jpg 1 339 170 113 87
p\0074.jpg 1 343 178 106 93
p\0075.jpg 1 346 165 101 102
p\0076.jpg 1 357 171 83 69
p\0077.jpg 1 351 160 91 69
p\0078.jpg 1 349 156 95 71
p\0079.jpg 1 337 143 119 85
p\0080.jpg 1 336 139 124 77
