p\0001.jpg 2 585 345 37 57 683 433 42 87
p\0004.jpg 2 667 435 48 83 584 339 33 66
p\0006.jpg 2 582 344 33 58 661 434 45 88
p\0007.jpg 2 660 435 49 83 582 342 30 63
p\0010.jpg 2 656 432 40 81 577 341 39 62
p\0012.jpg 2 575 343 35 58 647 427 47 87
p\0015.jpg 2 636 426 53 85 571 339 36 62
p\0019.jpg 2 625 423 48 87 572 342 30 57
p\0023.jpg 2 614 420 50 84 570 337 31 57
p\0025.jpg 2 607 414 49 88 565 331 36 64
p\0026.jpg 2 607 418 44 85 562 335 41 64
p\0029.jpg 2 595 414 50 90 560 337 40 60
p\0032.jpg 2 592 416 45 86 561 337 30 63
p\0035.jpg 2 559 337 32 54 582 414 53 82
p\0039.jpg 2 553 336 36 59 583 413 36 75
p\0042.jpg 2 569 404 45 88 550 338 32 52
p\0046.jpg 1 546 335 35 55
p\0048.jpg 2 546 336 29 53 555 412 44 77
p\0051.jpg 2 545 334 28 53 549 408 39 78
p\0054.jpg 2 541 408 39 77 541 334 30 52
p\0059.jpg 2 535 335 30 50 528 409 42 73
p\0062.jpg 2 528 403 33 76 536 334 26 53
p\0065.jpg 2 531 335 27 49 520 402 33 74
p\0068.jpg 2 513 399 34 76 529 331 25 56
p\0074.jpg 2 521 333 28 51 498 402 37 69
p\0097.jpg 2 495 330 23 51 448 394 36 60
p\0106.jpg 2 484 328 25 53 436 395 34 58
p\0123.jpg 2 459 327 31 53 400 378 39 68
p\0134.jpg 2 447 331 26 49 382 371 34 67
p\0141.jpg 2 438 330 27 53 371 371 31 69
p\0149.jpg 2 426 332 31 51 357 365 35 68
p\0155.jpg 2 421 329 25 53 348 366 32 64
p\0161.jpg 2 411 331 27 50 338 369 32 60
p\0168.jpg 2 404 331 25 53 329 368 26 58
p\0176.jpg 2 394 332 26 51 315 366 30 56
p\0182.jpg 2 384 328 30 55 303 358 32 63
p\0188.jpg 2 378 330 28 52 298 358 28 59
p\0194.jpg 2 371 328 30 51 286 357 32 59
p\0199.jpg 2 365 329 30 51 278 355 31 58
p\0206.jpg 2 354 330 30 49 268 353 33 59
p\0212.jpg 1 260 349 26 62
p\0219.jpg 2 338 331 29 50 249 349 27 60
p\0223.jpg 2 334 330 28 48 240 350 30 63
p\0232.jpg 2 325 325 30 55 228 347 30 55
p\0237.jpg 2 318 325 32 52 221 342 25 58
p\0243.jpg 2 312 326 28 54 211 341 26 60
p\0247.jpg 2 309 330 29 47 204 342 34 58
p\0251.jpg 2 303 327 31 54 201 342 25 57
p\0258.jpg 2 297 325 30 55 190 342 31 56
p\0265.jpg 2 290 328 27 48 179 341 29 58
p\0271.jpg 1 282 327 28 48
