p\0001.jpg 1 218 207 141 102
p\0002.jpg 1 236 212 135 98
p\0004.jpg 1 253 223 139 101
p\0009.jpg 1 242 256 141 100
p\0010.jpg 1 255 256 142 108
p\0014.jpg 1 253 276 150 102
p\0016.jpg 1 263 294 151 114
p\0017.jpg 1 266 303 160 112
p\0026.jpg 1 195 295 169 120
p\0031.jpg 1 271 263 153 117
p\0036.jpg 1 205 248 153 118
p\0038.jpg 1 215 252 146 105
p\0041.jpg 1 195 233 156 116
p\0044.jpg 1 221 207 154 111
p\0045.jpg 1 209 224 161 117
p\0050.jpg 1 209 281 157 119
p\0055.jpg 1 209 216 158 120
p\0059.jpg 1 225 202 159 116
p\0062.jpg 1 181 238 158 126
p\0065.jpg 1 237 218 156 119
p\0068.jpg 1 211 200 161 125
p\0073.jpg 1 161 149 163 130
p\0076.jpg 1 225 163 167 131
p\0079.jpg 1 213 298 169 135
p\0085.jpg 1 173 211 168 123
p\0088.jpg 1 176 246 175 121
p\0092.jpg 1 186 184 183 131
p\0096.jpg 1 244 201 169 126
p\0099.jpg 1 322 228 163 127
p\0102.jpg 1 332 206 154 110
p\0104.jpg 1 274 197 171 122
p\0110.jpg 1 262 234 168 126
p\0112.jpg 1 246 243 172 121
p\0121.jpg 1 228 236 177 127
p\0122.jpg 1 253 240 174 116
p\0123.jpg 1 263 229 168 130
p\0124.jpg 1 254 219 170 137
p\0126.jpg 1 255 221 174 131
p\0135.jpg 1 186 173 168 129
p\0137.jpg 1 207 171 174 134
p\0139.jpg 1 141 175 173 135
p\0144.jpg 1 269 188 184 135
p\0145.jpg 1 268 193 170 134
p\0146.jpg 1 249 183 174 137
p\0149.jpg 1 175 178 185 132
p\0150.jpg 1 193 181 176 131
p\0161.jpg 1 267 139 180 128
p\0183.jpg 1 255 192 172 129
p\0208.jpg 1 434 172 151 121
p\0209.jpg 1 407 175 151 121
p\0212.jpg 1 304 193 164 126
p\0222.jpg 1 223 186 152 112
p\0223.jpg 1 198 185 148 120
p\0224.jpg 1 200 187 159 120
p\0225.jpg 1 214 191 157 116
p\0226.jpg 1 215 182 161 120
p\0227.jpg 1 195 185 157 115
p\0228.jpg 1 178 199 171 115
p\0237.jpg 1 241 210 162 117
p\0242.jpg 1 135 217 154 111
p\0252.jpg 1 242 198 145 115
p\0263.jpg 1 198 242 147 107
p\0264.jpg 1 201 228 139 106
p\0299.jpg 1 275 177 142 107
p\0300.jpg 1 243 178 132 94
p\0301.jpg 1 216 177 132 98
p\0313.jpg 1 160 203 135 102
p\0316.jpg 1 183 181 133 101
p\0331.jpg 1 227 175 128 95
p\0333.jpg 1 246 177 129 94
p\0339.jpg 1 201 173 124 98
p\0341.jpg 1 143 165 139 98
p\0354.jpg 1 163 204 128 92
p\0355.jpg 1 133 202 130 97
p\0363.jpg 1 222 164 128 96
p\0364.jpg 1 224 163 128 94
p\0365.jpg 1 211 142 129 91
p\0373.jpg 1 255 139 120 88
p\0374.jpg 1 240 148 134 93
p\0378.jpg 1 236 185 133 91
p\0382.jpg 1 293 159 126 94
p\0385.jpg 1 294 222 121 88
p\0387.jpg 1 242 211 129 93
p\0406.jpg 1 238 178 121 88
p\0411.jpg 1 282 189 111 85
p\0412.jpg 1 281 184 122 83
p\0413.jpg 1 302 191 119 84
p\0423.jpg 1 253 191 122 88
p\0424.jpg 1 240 195 114 88
p\0425.jpg 1 199 204 124 89
p\0431.jpg 1 232 186 124 92
p\0475.jpg 1 271 134 132 101
p\0495.jpg 1 264 213 147 105
p\0497.jpg 1 304 227 159 109
p\0525.jpg 1 225 169 173 128
p\0526.jpg 1 230 171 178 118
p\0527.jpg 1 240 168 180 124
p\0531.jpg 1 286 198 184 135
p\0532.jpg 1 322 200 190 132
p\0569.jpg 1 106 177 257 162
p\0570.jpg 1 122 183 239 162
p\0571.jpg 1 110 201 260 158
p\0573.jpg 1 120 201 256 182
p\0577.jpg 1 96 193 269 177
p\0578.jpg 1 95 201 274 188
p\0579.jpg 1 89 204 280 185
p\0581.jpg 1 93 200 272 168
