p\0001.jpg 1 334 355 26 61
p\0005.jpg 1 325 358 27 58
p\0008.jpg 1 323 356 25 62
p\0011.jpg 1 314 354 27 59
p\0014.jpg 3 308 358 26 58 308 358 26 58 308 358 26 58
p\0018.jpg 1 301 365 27 50
p\0021.jpg 1 295 365 33 56
p\0024.jpg 1 294 369 31 53
p\0028.jpg 1 292 373 28 56
p\0031.jpg 1 287 374 32 56
p\0035.jpg 1 288 379 29 54
p\0040.jpg 1 284 378 34 56
p\0043.jpg 1 283 375 34 56
p\0046.jpg 1 284 372 30 57
p\0050.jpg 1 282 374 31 57
p\0053.jpg 1 280 377 34 51
p\0056.jpg 1 279 376 32 55
p\0104.jpg 1 233 361 31 53
p\0111.jpg 1 230 365 32 54
p\0117.jpg 1 245 351 32 50
p\0188.jpg 1 188 345 50 84
p\0189.jpg 1 186 344 47 86
p\0190.jpg 1 183 343 46 85
p\0191.jpg 1 180 345 51 85
p\0192.jpg 1 174 344 52 90
p\0193.jpg 1 170 346 50 91
p\0194.jpg 1 173 341 54 96
p\0197.jpg 1 160 350 53 99
p\0225.jpg 1 155 325 57 140
p\0226.jpg 1 168 319 56 150
p\0227.jpg 1 174 320 63 154
p\0229.jpg 1 176 329 76 160
p\0230.jpg 1 177 332 84 165
p\0231.jpg 1 176 327 92 168
p\0232.jpg 1 195 338 78 158
p\0234.jpg 1 190 342 90 161
p\0235.jpg 1 196 341 85 175
p\0236.jpg 1 197 347 88 175
p\0237.jpg 1 191 346 96 179
p\0238.jpg 1 195 352 98 179
p\0240.jpg 1 198 356 108 183
p\0241.jpg 1 199 359 110 187
p\0242.jpg 1 208 355 107 196
p\0243.jpg 1 205 340 111 205
p\0245.jpg 1 192 323 108 210
p\0305.jpg 1 225 255 89 195
p\0306.jpg 1 212 249 98 200
p\0307.jpg 1 206 242 95 206
p\0320.jpg 1 271 335 104 191
p\0321.jpg 1 274 340 96 189
p\0322.jpg 1 265 338 108 196
p\0333.jpg 1 251 388 99 192
p\0389.jpg 1 368 351 69 192
p\0390.jpg 1 339 354 86 188
p\0391.jpg 1 332 350 82 201
p\0392.jpg 1 315 349 92 195
p\0393.jpg 1 309 352 87 190
p\0395.jpg 1 297 360 83 185
p\0396.jpg 1 287 360 103 181
p\0398.jpg 1 275 366 102 179
p\0399.jpg 1 279 359 97 181
p\0445.jpg 1 212 309 77 189
p\0446.jpg 1 223 308 72 182
p\0476.jpg 1 352 282 76 172
p\0481.jpg 1 358 297 79 179
p\0482.jpg 1 354 303 79 177
p\0483.jpg 1 353 304 89 168
p\0507.jpg 1 245 366 75 182
p\0512.jpg 1 238 314 79 177
p\0684.jpg 1 317 286 68 155
