p\0002.jpg 1 91 107 40 109
p\0006.jpg 1 99 103 36 100
p\0008.jpg 1 102 103 38 106
p\0013.jpg 1 118 115 40 95
p\0015.jpg 1 128 89 39 100
p\0018.jpg 1 113 84 41 88
p\0021.jpg 1 105 100 38 94
p\0023.jpg 1 89 101 34 96
p\0024.jpg 1 95 108 38 98
p\0035.jpg 1 115 113 35 85
p\0045.jpg 1 80 121 34 89
p\0049.jpg 1 86 94 32 88
p\0056.jpg 1 105 112 35 86
p\0063.jpg 1 100 79 36 84
p\0070.jpg 1 73 112 30 72
p\0077.jpg 1 101 87 30 78
p\0085.jpg 1 143 100 31 74
p\0096.jpg 1 110 118 30 75
p\0101.jpg 1 119 106 24 74
p\0123.jpg 1 113 91 23 66
p\0140.jpg 1 85 102 28 63
p\0194.jpg 1 60 121 23 57
p\0196.jpg 1 47 130 25 57
p\0205.jpg 1 109 119 21 55
p\0212.jpg 1 118 91 27 56
p\0220.jpg 1 110 90 19 58
p\0227.jpg 1 149 88 21 55
p\0233.jpg 1 114 107 19 56
p\0241.jpg 1 131 107 16 54
p\0274.jpg 1 93 95 18 48
