p\0001.jpg 1 116 119 63 137
p\0004.jpg 1 111 118 70 140
p\0007.jpg 1 113 122 64 125
p\0010.jpg 1 109 116 69 124
p\0015.jpg 1 100 120 78 131
p\0018.jpg 1 100 113 84 123
p\0022.jpg 1 104 109 70 129
p\0027.jpg 1 102 109 80 127
p\0030.jpg 1 100 109 81 126
p\0033.jpg 1 102 108 79 127
p\0036.jpg 1 101 110 75 120
p\0039.jpg 1 98 108 78 119
p\0043.jpg 1 97 104 81 122
p\0047.jpg 1 104 105 70 121
p\0051.jpg 1 104 102 68 123
p\0054.jpg 1 103 101 69 118
p\0058.jpg 1 103 105 64 113
p\0061.jpg 1 100 100 70 114
p\0065.jpg 1 103 100 66 113
p\0072.jpg 1 99 98 69 113
p\0075.jpg 1 102 97 67 111
p\0078.jpg 1 103 98 64 105
p\0082.jpg 1 104 98 65 101
p\0087.jpg 1 99 94 69 104
p\0090.jpg 1 105 96 58 104
p\0093.jpg 1 103 95 60 103
p\0096.jpg 1 102 91 62 99
p\0099.jpg 1 101 87 61 107
p\0102.jpg 1 102 90 61 97
p\0107.jpg 1 101 86 62 105
p\0111.jpg 1 101 87 61 99
p\0115.jpg 1 105 84 57 101
p\0118.jpg 1 99 85 63 99
p\0122.jpg 1 100 85 58 99
p\0125.jpg 1 102 84 54 100
p\0127.jpg 1 101 81 56 100
p\0131.jpg 1 99 84 53 100
p\0135.jpg 1 100 80 56 103
p\0139.jpg 1 99 78 57 100
p\0142.jpg 1 94 77 62 98
p\0145.jpg 1 96 78 59 99
p\0148.jpg 1 96 79 59 101
p\0154.jpg 1 96 78 57 96
p\0157.jpg 1 96 77 56 97
p\0160.jpg 1 94 73 60 95
p\0163.jpg 1 92 79 54 89
p\0167.jpg 1 97 75 51 89
p\0170.jpg 1 94 75 48 89
p\0173.jpg 1 93 75 52 85
p\0176.jpg 1 91 75 56 94
p\0180.jpg 1 48 90 50 116
p\0181.jpg 1 52 92 48 113
p\0182.jpg 1 50 89 53 116
p\0185.jpg 1 61 87 50 117
p\0188.jpg 1 59 86 59 118
p\0223.jpg 1 102 98 59 122
p\0226.jpg 1 99 95 63 129
p\0231.jpg 1 97 95 69 128
p\0233.jpg 1 99 98 68 132
p\0235.jpg 1 98 102 71 128
p\0238.jpg 1 95 96 77 137
p\0241.jpg 1 100 98 72 135
p\0244.jpg 1 102 101 70 138
p\0248.jpg 1 104 105 67 132
p\0253.jpg 1 106 102 70 141
p\0257.jpg 1 107 104 72 137
p\0260.jpg 1 110 107 70 138
p\0263.jpg 1 110 105 74 139
p\0266.jpg 1 110 103 74 140
p\0269.jpg 1 110 103 75 142
p\0272.jpg 1 111 104 73 141
p\0275.jpg 1 113 107 70 136
p\0278.jpg 1 115 103 68 142
p\0281.jpg 2 119 107 65 136
p\0284.jpg 1 124 104 62 143
p\0287.jpg 1 123 99 69 145
p\0290.jpg 1 123 104 62 140
p\0293.jpg 1 121 104 71 137
p\0316.jpg 1 122 103 69 125
p\0317.jpg 1 125 99 65 125
p\0321.jpg 1 124 97 74 131
p\0325.jpg 1 127 90 70 137
p\0328.jpg 1 128 92 71 130
p\0333.jpg 1 129 92 69 128
p\0337.jpg 1 128 86 69 133
p\0340.jpg 1 130 91 67 125
p\0345.jpg 1 131 95 69 120
p\0348.jpg 1 126 82 77 133
p\0351.jpg 1 122 86 75 125
p\0354.jpg 1 122 85 72 123
p\0357.jpg 1 120 85 72 123
p\0360.jpg 1 115 88 66 118
p\0363.jpg 1 110 86 61 118
p\0365.jpg 1 103 86 65 113
p\0369.jpg 1 96 88 60 113
p\0372.jpg 1 88 93 62 112
p\0427.jpg 1 85 37 37 73
p\0429.jpg 1 84 38 37 65
p\0431.jpg 1 85 41 39 59
p\0444.jpg 1 79 39 38 59
p\0445.jpg 1 82 35 42 65
p\0449.jpg 1 82 32 36 71
p\0456.jpg 1 81 37 42 58
