p\0001.jpg 1 263 98 109 244
p\0002.jpg 1 264 100 107 236
p\0003.jpg 1 263 98 101 239
p\0004.jpg 1 265 96 96 244
p\0005.jpg 1 257 96 103 244
p\0006.jpg 1 257 94 108 247
p\0007.jpg 1 256 95 109 249
p\0008.jpg 1 254 93 110 249
p\0009.jpg 1 248 89 115 253
p\0010.jpg 1 245 88 118 257
p\0011.jpg 1 247 86 111 254
p\0012.jpg 1 246 87 115 257
p\0014.jpg 1 250 89 103 251
p\0015.jpg 1 246 85 110 255
p\0016.jpg 1 242 84 116 256
p\0017.jpg 1 237 83 118 256
p\0019.jpg 1 237 82 118 252
p\0020.jpg 1 244 79 108 257
p\0021.jpg 1 241 82 113 248
p\0022.jpg 1 223 84 144 243
p\0023.jpg 1 227 80 136 247
p\0024.jpg 1 228 79 128 246
p\0026.jpg 1 228 78 139 242
p\0027.jpg 1 210 76 151 242
p\0028.jpg 1 221 76 134 245
p\0029.jpg 1 220 76 139 241
p\0030.jpg 1 219 78 131 238
p\0031.jpg 1 212 75 139 239
p\0032.jpg 1 214 76 132 240
p\0033.jpg 1 213 80 127 234
p\0034.jpg 1 210 78 130 233
p\0035.jpg 1 208 80 126 232
p\0036.jpg 1 205 80 124 240
p\0037.jpg 1 203 77 125 239
p\0039.jpg 1 195 75 127 242
p\0075.jpg 1 208 35 158 254
p\0079.jpg 1 220 31 155 235
p\0117.jpg 1 225 32 150 232
p\0118.jpg 1 229 38 139 221
p\0119.jpg 1 229 40 141 227
p\0120.jpg 1 228 34 144 242
p\0121.jpg 1 236 42 134 231
p\0122.jpg 1 226 39 150 235
p\0123.jpg 1 226 40 149 240
p\0124.jpg 1 225 36 156 247
p\0126.jpg 1 224 42 156 256
p\0127.jpg 1 216 43 163 250
p\0128.jpg 1 225 43 150 251
p\0129.jpg 1 231 43 144 254
p\0130.jpg 1 224 43 155 252
p\0131.jpg 1 216 43 167 255
p\0132.jpg 1 214 43 161 255
p\0133.jpg 1 214 50 160 252
p\0137.jpg 1 212 49 161 247
p\0139.jpg 1 215 52 159 232
p\0140.jpg 1 214 53 151 233
p\0238.jpg 1 225 72 155 233
p\0239.jpg 1 221 73 152 231
p\0240.jpg 1 226 70 149 238
p\0241.jpg 1 219 68 156 239
p\0242.jpg 1 214 62 160 257
p\0243.jpg 1 210 69 164 241
p\0245.jpg 1 221 63 147 250
p\0246.jpg 1 215 60 150 253
p\0247.jpg 1 208 66 157 250
p\0248.jpg 1 213 56 148 246
p\0249.jpg 1 214 70 148 237
p\0250.jpg 1 210 67 148 239
p\0251.jpg 1 208 70 145 233
p\0252.jpg 1 209 70 144 231
p\0253.jpg 1 205 68 146 228
p\0254.jpg 1 197 64 154 237
p\0255.jpg 1 207 70 138 230
p\0256.jpg 1 200 69 149 233
p\0257.jpg 1 200 78 135 223
p\0258.jpg 1 198 75 142 225
p\0259.jpg 1 192 76 146 226
p\0260.jpg 1 189 70 150 230
p\0261.jpg 1 187 70 150 228
p\0263.jpg 1 181 75 150 218
p\0264.jpg 1 179 76 155 229
p\0265.jpg 1 181 77 148 221
p\0266.jpg 1 177 76 153 224
p\0267.jpg 1 175 80 159 220
p\0268.jpg 1 174 73 161 226
p\0270.jpg 1 180 86 155 214
p\0271.jpg 1 172 86 166 229
p\0272.jpg 1 191 84 137 228
p\0273.jpg 1 180 82 153 232
p\0274.jpg 1 183 89 144 231
