p\0001.jpg 1 52 88 43 38
p\0019.jpg 1 57 99 44 33
p\0025.jpg 1 62 101 41 35
p\0035.jpg 1 85 100 41 37
p\0044.jpg 1 92 101 44 34
p\0055.jpg 1 107 92 42 30
p\0083.jpg 1 138 98 46 32
p\0093.jpg 1 151 97 45 31
p\0101.jpg 1 160 95 43 35
p\0111.jpg 1 166 99 45 35
p\0123.jpg 1 175 103 44 40
p\0131.jpg 1 182 107 34 34
p\0139.jpg 1 177 109 41 33
p\0147.jpg 1 169 112 49 39
p\0153.jpg 1 165 116 50 38
p\0160.jpg 1 153 114 54 35
p\0167.jpg 1 146 99 47 42
p\0173.jpg 1 134 94 54 39
p\0179.jpg 1 125 88 54 41
p\0185.jpg 1 120 87 56 39
p\0190.jpg 1 114 85 49 41
p\0196.jpg 1 105 83 51 41
p\0202.jpg 1 101 82 49 42
p\0209.jpg 1 95 81 45 39
p\0215.jpg 1 86 76 45 42
p\0222.jpg 1 81 75 43 39
p\0235.jpg 1 71 74 41 38
p\0242.jpg 1 66 65 48 42
p\0251.jpg 1 64 68 39 34
p\0258.jpg 1 62 60 39 35
p\0346.jpg 1 33 27 41 37
p\0349.jpg 1 30 32 49 36
p\0370.jpg 1 22 40 35 29
p\0373.jpg 1 21 38 36 31
p\0381.jpg 1 20 42 44 33
p\0387.jpg 1 22 43 36 31
p\0394.jpg 1 21 47 39 30
p\0409.jpg 1 21 53 34 36
p\0419.jpg 1 26 58 33 29
p\0433.jpg 1 31 63 38 39
p\0440.jpg 1 30 66 38 32
p\0450.jpg 1 35 68 39 35
p\0460.jpg 1 43 74 42 35
p\0473.jpg 1 51 76 41 40
p\0481.jpg 1 63 80 44 39
p\0489.jpg 1 65 80 46 42
p\0497.jpg 1 72 85 49 40
p\0502.jpg 1 79 86 47 38
p\0503.jpg 1 80 86 49 36
p\0504.jpg 1 79 82 60 45
p\0505.jpg 1 84 86 48 42
p\0511.jpg 1 94 88 51 40
p\0512.jpg 1 94 87 47 39
p\0524.jpg 1 104 94 60 36
p\0542.jpg 1 139 94 52 33
p\0553.jpg 1 155 86 43 36
p\0563.jpg 1 165 84 45 35
p\0564.jpg 1 166 86 44 33
